1 1 0.5
1 2 0.5
1 3 2
1 4 5
1 5 3
1 6 4
1 7 1
1 8 4
1 9 4
1 10 1
2 11 3
2 12 4
2 13 3
2 14 5
2 15 5
2 16 4
2 1 4
2 17 1.5
2 18 1.5
2 19 1.5
2 20 1.5
2 21 1.5
2 22 1.5
2 23 1.5
2 24 1.5
2 25 1.5
2 26 1.5
2 27 1.5
2 28 1.5
2 29 1.5
2 30 1.5
2 31 1.5
2 32 1.5
2 33 1.5
2 34 1.5
2 35 1.5
2 36 1.5
2 37 1.5
2 38 1.5
2 39 1.5
2 40 1.5
2 41 4
3 42 5
3 43 4
3 44 5
3 45 5
3 46 4
3 47 4
3 48 5
3 49 2
3 50 5
3 51 4
3 52 4
3 53 5
3 54 3
3 55 5
3 56 5
3 57 4
4 58 4
4 59 4
4 60 2
4 61 5
4 62 4
4 63 3
4 64 4
4 65 4
4 66 4
4 67 5
4 68 3
4 65 5
4 69 3
4 70 4
4 71 3
5 72 4
5 73 5
5 74 4
5 75 4
5 76 5
5 77 5
5 78 5
5 79 4
5 80 5
5 81 5
5 82 5
5 83 2
6 84 4
6 85 5
6 86 5
6 87 5
6 88 5
6 89 5
6 90 5
6 91 5
6 92 5
6 93 5
6 94 5
6 95 5
6 96 5
6 97 5
6 98 5
6 99 5
6 100 5
6 101 5
6 102 2
6 103 4
6 104 5
6 105 5
6 106 4
6 107 5
6 108 4
6 109 4
6 110 5
6 111 5
6 112 5
6 113 5
6 114 4
6 115 5
7 116 4
7 117 5
7 118 2
7 119 5
7 120 4
7 112 5
7 121 5
7 122 2
7 123 5
7 124 3
7 125 4
7 126 5
7 127 2
7 128 5
7 129 4
8 130 5
8 131 4
8 132 1
8 133 4
8 134 4
8 135 2
8 136 3
8 137 4
8 138 5
8 139 1
8 140 3
8 141 1
8 142 1
8 143 2
8 144 4
8 145 3
8 146 1
8 147 5
8 148 5
8 149 5
8 150 5
8 151 1
8 152 4
8 153 4
8 154 5
8 155 1
8 156 4
8 157 3
8 158 5
8 117 2
8 159 5
8 160 3
8 161 5
8 162 5
8 163 5
8 164 5
8 165 5
8 166 5
8 167 1
8 168 4
8 169 3
9 170 5
9 171 4
9 172 1
9 173 5
9 174 4
9 175 4
9 176 5
9 177 4
9 178 5
9 179 4
9 180 5
9 181 4
9 182 4
9 183 4
9 184 1
9 185 5
9 186 4
10 187 5
10 174 4
10 188 5
10 189 5
10 190 5
10 191 4
10 192 4
10 193 4
10 194 4
10 195 4
10 196 4
11 197 4
11 198 5
11 199 4
11 200 5
11 201 5
11 202 5
11 203 5
11 204 5
11 205 5
11 204 5
11 206 5
11 207 5
12 208 4
12 9 5
12 209 4
12 210 4
12 211 5
12 212 5
12 213 5
12 214 5
13 215 1
13 216 5
13 217 4
13 218 5
13 219 4
13 220 5
13 221 4
13 222 3
13 223 5
13 224 3
13 225 3
13 226 5
13 227 5
13 228 5
14 229 1
14 230 3
14 231 3
14 232 4
14 233 2
14 234 3
14 235 4
14 236 4
14 237 4
14 238 4
14 239 2
14 240 5
14 241 4
14 242 4
15 243 3
15 244 5
15 245 2
15 246 3
15 28 5
15 247 5
15 100 3
15 248 5
15 249 2
15 250 4
16 251 5
16 252 5
16 253 5
16 183 1
16 254 5
16 255 5
16 256 5
16 257 5
16 258 4
16 259 5
16 260 4
16 261 1
16 262 2
16 263 4
16 264 5
16 265 5
16 266 5
16 267 1
16 268 4
16 269 5
16 270 1
16 271 1
16 272 4
16 273 4
16 274 5
16 275 4
16 276 4
16 277 1
16 278 4
16 279 4
16 280 4
17 281 4
17 282 5
17 283 5
17 284 4
17 285 4
17 286 5
17 287 5
17 288 4
17 289 4
17 290 5
17 291 5
17 292 1
17 293 5
17 294 2
17 295 5
17 296 4
17 297 1
17 298 4
17 299 5
17 300 1
17 301 5
17 302 5
17 303 2
17 304 2
17 305 5
17 306 4
17 307 3
17 308 4
17 309 1
17 310 5
17 311 4
17 312 5
17 313 2
17 314 4
17 315 4
17 316 4
17 317 3
17 318 5
17 319 5
17 320 3
17 321 5
17 322 4
17 323 1
17 324 5
17 325 5
17 326 4
17 327 5
17 328 4
17 329 4
17 330 3
17 331 5
17 332 2
17 333 4
17 334 4
17 335 4
17 336 5
17 337 5
17 338 4
17 339 4
17 340 4
17 341 5
17 342 3
17 343 5
17 344 5
17 345 4
17 346 5
17 347 5
17 348 4
17 349 5
17 161 5
18 350 2
18 351 3
18 352 5
18 353 4
18 354 3
18 355 5
18 356 4
18 357 5
18 358 4
18 359 4
18 360 4
18 361 2
18 362 2
18 363 4
18 364 4
18 365 4
18 366 4
18 367 5
18 368 4
18 369 5
18 370 4
18 371 5
18 141 4
18 372 1
18 373 5
18 374 5
18 375 5
18 376 3
18 377 4
18 378 1
18 379 5
18 380 2
18 381 5
18 382 4
19 383 5
19 384 5
19 111 5
19 385 5
19 100 5
19 386 2
19 386 5
19 387 5
19 388 4
19 389 5
19 390 4
19 391 2
19 392 5
19 393 5
19 394 5
19 395 5
20 396 4
20 397 3
20 398 4
20 399 3
20 400 4
20 401 4
20 402 4
20 403 2
20 404 5
20 405 2
20 406 4
20 407 2
20 408 3
20 409 4
20 410 2
20 411 4
20 412 5
20 413 4
20 414 3
20 415 4
21 416 4
21 417 5
21 418 1
21 419 5
21 420 5
21 421 5
21 422 4
21 423 5
21 424 5
21 425 5
21 426 3
21 427 5
21 428 5
21 429 4
21 430 5
22 411 2
22 431 5
22 432 5
22 433 5
22 434 1
22 435 5
22 436 4
22 437 4
22 438 2
22 439 4
22 440 1
22 441 4
22 442 1
22 443 5
22 444 1
22 445 5
22 446 3
22 447 5
22 448 5
22 449 1
22 450 1
22 451 1
22 452 5
22 453 1
22 454 5
22 455 5
22 456 5
22 457 2
22 458 5
22 459 5
22 460 5
22 461 2
22 462 5
22 463 5
22 464 5
22 465 4
22 181 5
22 466 5
22 467 4
22 468 5
22 469 5
22 155 4
22 470 5
22 471 4
22 472 4
23 473 1
23 474 4
23 475 4
23 476 2
23 477 4
23 478 4
23 479 5
23 480 5
23 481 5
23 183 5
23 482 3
23 66 4
24 483 2
24 484 5
24 485 5
24 486 5
24 487 5
24 488 4
24 489 5
24 490 5
24 100 5
24 491 4
24 492 5
24 48 5
24 493 4
24 128 4
24 494 3
24 495 5
24 496 5
25 497 5
25 498 1
25 499 5
25 500 4
25 501 5
25 502 4
25 503 3
25 504 4
25 488 3
25 505 4
25 506 4
25 507 1
25 508 4
26 509 4
26 75 4
26 224 4
26 510 5
26 511 4
26 512 4
26 513 4
26 514 4
26 515 5
26 516 4
26 517 4
27 518 4
27 519 4
27 520 4
27 521 4
27 522 5
27 523 3
27 524 5
27 525 4
27 526 4
27 527 5
27 527 5
27 527 5
27 528 4
27 529 4
27 530 4
27 531 4
27 532 3
27 533 5
27 534 4
27 535 4
27 536 5
27 537 4
27 538 4
28 539 4
28 540 4
28 541 2
28 542 5
28 543 5
28 544 2
28 545 5
28 546 5
28 547 5
28 548 4
28 549 5
28 550 5
28 551 5
28 551 5
28 552 4
28 553 5
28 535 5
28 548 4
28 554 4
28 555 4
28 556 5
28 557 1
28 558 4
28 559 5
29 560 5
29 561 4
29 562 4
29 563 5
29 564 3
29 565 3
29 566 5
29 567 5
29 568 5
29 569 4
29 570 5
29 571 5
29 572 5
29 573 4
29 574 4
29 575 4
29 43 4
29 576 4
29 577 3
29 578 4
29 579 4
29 580 5
29 581 4
29 582 4
29 583 3
29 584 4
29 585 3
29 586 4
29 587 4
29 588 4
29 589 3
29 590 4
29 522 4
29 591 4
29 592 4
29 593 4
29 594 4
29 591 4
29 595 4
29 596 3
29 597 4
29 598 4
29 599 1
29 600 4
29 601 4
29 602 5
29 603 3
29 604 5
29 605 5
29 606 4
30 607 5
30 608 5
30 609 5
30 610 5
30 611 5
30 612 3
30 613 5
30 614 5
30 615 5
30 616 5
30 617 5
30 618 5
30 619 4
30 620 5
30 621 1
30 622 3
30 623 5
30 624 5
31 625 5
31 626 5
31 627 5
31 628 5
31 629 5
31 630 4
31 631 4
31 632 1
31 633 4
31 634 5
31 635 4
31 636 4
31 637 4
32 638 5
32 639 5
32 640 5
32 641 5
32 642 5
32 642 5
32 643 2
32 644 5
32 645 3
32 646 3
32 647 5
32 648 5
32 649 2
32 381 4
32 650 5
32 651 4
32 652 5
32 653 5
32 151 3
32 654 5
32 655 3
32 656 5
32 657 4
32 658 3
32 659 3
32 660 5
32 505 4
32 37 4
32 553 1
32 661 1
32 385 5
32 100 2
32 662 4
32 663 5
32 55 4
32 664 3
32 665 5
32 666 3
32 667 5
32 668 5
32 669 5
32 670 5
32 671 4
32 672 5
32 673 3
32 674 5
32 487 3
32 675 3
32 676 5
32 677 4
32 678 5
32 679 5
33 680 5
33 681 3
33 682 5
33 683 4
33 684 2
33 685 5
33 686 4
33 687 4
33 688 5
33 689 5
33 690 3
33 691 3
33 692 5
33 693 5
33 694 5
33 695 5
33 696 2
33 697 5
33 698 5
33 699 5
33 700 2
33 701 4
33 386 1
33 702 5
33 703 5
34 373 4
34 704 5
34 705 5
34 706 1
34 707 5
34 708 4
34 705 4
34 709 4
34 710 3
34 711 5
34 704 2
34 712 4
35 713 5
35 714 4
35 715 3
35 716 4
35 717 4
35 718 4
35 719 4
35 720 4
35 721 4
35 722 3
35 723 3
35 724 4
35 725 3
35 726 4
35 727 3
35 728 5
35 729 3
35 730 4
35 731 5
35 732 4
35 733 4
35 734 4
35 735 2
35 736 4
35 737 4
35 738 4
35 739 2
35 740 4
35 741 3
35 742 4
35 743 4
35 744 4
35 745 4
35 746 3
35 747 5
35 748 4
35 749 4
35 750 4
35 751 4
35 575 5
35 752 4
35 753 4
35 754 3
35 755 5
35 756 5
35 757 4
35 758 5
35 759 3
35 760 4
35 761 4
35 762 4
35 763 3
35 764 5
35 765 4
35 766 3
35 767 4
35 768 4
35 769 4
35 770 5
35 771 4
35 772 3
35 773 4
35 774 4
35 775 4
35 776 5
35 777 3
35 778 3
35 779 4
35 780 4
35 781 4
35 782 4
35 783 3
35 784 4
35 785 3
35 786 4
35 787 4
35 788 4
35 789 3
35 790 4
35 791 5
35 792 4
35 793 5
35 794 4
35 795 3
35 796 4
35 797 5
35 798 4
35 799 4
35 800 4
35 801 3
36 802 5
36 803 1
36 804 5
36 805 4
36 802 5
36 806 4
36 807 5
36 808 1
36 809 5
36 810 4
36 811 5
36 812 5
36 813 4
36 487 5
36 814 4
36 815 5
36 816 2
36 817 5
36 818 1
36 819 1
36 820 5
36 821 5
36 822 5
36 823 1
36 451 2
36 824 5
36 122 1
36 825 3
36 826 4
36 827 4
36 828 2
36 829 5
36 819 1
36 2 5
36 830 4
36 831 5
36 832 3
36 833 2
36 834 1
36 835 2
36 836 1
36 51 3
36 128 5
36 837 4
36 838 4
36 839 4
36 840 5
36 841 4
36 830 5
36 840 5
36 842 4
36 841 4
37 843 4
37 844 4
37 845 5
37 846 5
37 847 5
37 848 5
37 849 5
37 850 4
37 851 5
37 852 5
37 853 5
37 854 5
37 855 5
37 856 5
38 857 5
38 858 5
38 859 5
38 860 4
38 861 4
38 862 2
38 863 5
38 864 4
38 865 4
38 866 5
38 867 2
38 868 4
38 869 4
39 870 5
39 871 5
39 872 3
39 873 5
39 118 3
39 874 5
39 875 4
39 876 3
39 877 3
39 878 5
39 556 5
39 879 3
39 183 4
39 880 4
39 881 5
39 882 5
39 875 5
39 883 5
39 884 5
39 873 5
39 280 1
39 556 5
39 885 3
39 886 4
39 887 5
39 888 5
39 889 2
39 890 2
39 891 5
39 892 3
39 893 5
39 540 5
39 894 5
39 369 5
39 895 4
39 896 5
39 451 5
39 897 4
39 898 4
39 899 4
39 876 2
39 900 3
39 901 5
39 902 4
39 653 5
39 903 4
39 904 4
39 148 5
39 905 5
39 888 5
39 906 5
39 643 4
40 907 4
40 908 4
40 909 4
40 910 5
40 911 5
40 912 5
40 913 5
40 914 5
40 915 2
40 916 4
40 917 2
40 918 5
40 919 5
40 920 5
40 117 3
40 921 5
40 922 5
40 923 5
40 924 2
41 925 5
41 926 5
41 927 5
41 928 4
41 929 1
41 930 5
41 931 5
41 932 5
41 933 5
41 934 5
41 935 4
41 936 5
41 937 5
41 938 5
41 939 5
41 940 5
41 941 5
41 942 5
41 508 4
41 943 4
41 944 5
41 1 5
41 123 5
41 945 5
41 495 5
41 485 5
41 946 2
42 947 4
42 948 3
42 949 3
42 950 5
42 951 5
42 952 5
42 953 4
42 954 3
42 955 5
42 956 1
42 957 2
42 958 5
42 959 5
42 960 5
42 961 5
43 962 5
43 963 4
43 964 5
43 965 5
43 966 4
43 967 4
43 968 5
43 969 4
43 970 5
43 971 4
43 972 3
43 973 5
43 473 4
43 974 5
43 975 5
43 976 4
43 977 4
43 978 4
43 979 5
43 980 5
43 981 4
43 982 5
43 983 5
43 984 5
43 985 4
43 986 2
43 987 5
43 988 5
43 989 1
43 990 5
43 991 4
43 992 5
43 993 1
43 994 2
43 995 1
43 996 4
43 997 4
43 998 4
43 999 4
43 1000 4
43 1001 4
43 1002 4
43 1003 5
43 1004 5
43 1005 4
43 1006 4
43 1007 5
43 1008 5
43 1009 5
43 188 4
43 1010 4
43 1011 4
43 1012 5
43 1013 5
43 1014 4
43 1015 5
43 1016 5
43 1017 5
43 1018 5
43 1019 5
43 1020 5
43 1021 5
43 1022 5
43 1023 5
43 1024 4
43 1025 5
43 1026 5
43 1027 5
43 1028 4
43 1029 5
43 1030 5
43 1031 5
43 1032 3
43 1033 5
43 1034 5
43 1035 4
43 1036 5
43 1037 5
43 1038 4
43 1039 5
43 1040 5
43 1041 5
43 1042 1
43 1043 5
43 1044 5
43 1045 5
43 1046 4
43 1047 4
43 1048 5
43 1049 5
43 1050 4
43 1051 1
43 1052 5
43 1053 5
43 1054 5
43 1055 5
43 1056 5
43 1057 5
43 1058 4
43 1059 5
43 1060 5
43 1061 5
43 1062 4
43 1063 4
43 1064 5
43 1065 4
43 1066 4
43 1067 5
43 1068 5
43 1069 4
43 1070 4
43 1071 4
43 1072 4
43 1073 5
43 1074 5
43 1075 4
43 1076 5
43 1077 4
43 1078 5
43 1079 5
43 1080 4
43 1081 4
43 1082 4
43 1083 4
43 1082 5
43 1084 5
43 1085 4
43 1086 5
43 1087 4
43 1088 4
43 1089 4
43 1090 4
43 1091 5
43 1092 5
43 1093 4
43 1094 1
43 1095 5
43 1096 4
43 1097 4
43 1098 1
43 1099 5
43 1100 3
43 1101 4
43 1102 5
43 1103 4
43 1104 4
43 1105 3
43 1106 4
43 1107 4
43 1108 5
43 1109 4
43 1110 4
43 1111 5
43 1112 4
43 1113 4
43 888 2
43 1114 4
43 1115 4
43 1116 4
43 1117 5
43 1118 4
43 1119 4
43 1120 3
43 1121 4
43 1122 3
43 1123 5
43 1124 5
43 1125 4
43 1126 5
43 1127 5
43 1128 5
43 1129 5
43 1130 4
43 1131 4
43 1132 4
43 1133 4
43 1134 5
43 1135 2
43 1136 3
43 1137 4
43 1138 5
43 1139 5
43 1140 4
43 1141 4
43 1142 5
43 1143 5
43 1144 4
43 1145 5
43 1146 4
43 1147 5
43 1148 3
43 1149 4
43 1150 4
43 1151 4
43 1152 4
43 1153 4
43 1154 5
43 1155 5
43 1156 4
43 1157 5
43 1158 4
43 1159 4
43 1160 4
43 1161 4
43 1162 5
43 1163 4
43 1164 4
43 1165 5
43 1166 5
43 1167 4
43 1168 4
43 1169 4
43 1170 4
43 1171 1
43 1172 3
43 1173 5
43 1174 3
43 1175 4
43 1176 4
43 1177 3
43 1178 4
43 1179 4
43 1180 5
43 1181 4
43 1182 4
43 1183 5
43 1184 4
43 1185 4
43 1186 4
43 1187 4
43 1188 4
43 1189 2
43 1190 3
43 1191 4
43 1192 3
43 1193 4
43 1194 4
43 1195 4
43 1196 4
43 1197 4
43 1198 4
43 1199 5
43 1200 4
43 1201 4
43 1202 4
43 1203 4
43 1204 5
43 1205 4
43 1206 4
43 1207 4
43 1208 4
43 1209 4
43 1210 5
43 1211 4
43 1212 4
43 1213 4
43 1214 5
43 1215 4
43 1216 4
43 1217 4
43 1218 1
43 1219 4
43 1220 4
43 1221 4
43 1222 2
43 1223 5
43 1224 4
43 1225 5
43 1226 4
43 1227 4
43 1228 4
43 1229 5
43 1230 4
43 1231 3
43 1232 2
43 1233 4
43 1234 4
43 1235 4
43 1236 4
43 1237 4
43 1238 4
43 1239 4
43 1240 5
43 1241 4
43 1242 4
43 1243 5
43 1244 4
43 1245 4
43 1246 4
43 1247 5
43 183 3
43 51 4
43 1248 1
43 1249 4
43 1250 4
43 1251 4
43 1252 4
43 1253 4
43 1254 5
43 1255 4
43 1256 4
43 1257 5
43 1258 4
43 1259 3
43 1260 2
43 1261 4
43 1262 5
43 1263 5
43 1264 4
43 1265 1
43 1266 4
43 1267 2
43 479 4
43 1268 5
43 1269 4
43 1270 3
43 1271 5
43 1272 5
43 1273 4
43 1274 5
43 1275 4
43 1276 4
43 1277 3
43 1278 5
43 1279 4
43 1280 5
43 1281 4
43 1282 4
43 1283 4
43 1284 5
43 1285 1
43 1286 5
43 1287 4
43 1288 4
43 1289 4
43 183 2
43 1290 4
43 1291 5
43 1292 5
43 1293 4
43 1269 4
43 1294 5
43 1295 5
43 1296 4
43 1297 5
43 1298 4
43 1299 4
43 1300 5
43 1301 5
43 1302 4
43 1303 4
43 1304 4
43 1305 4
43 1306 4
43 1307 5
43 1308 4
43 1309 4
43 1310 4
43 1311 4
43 1312 3
43 1313 4
43 1314 5
43 1315 1
43 1316 4
43 209 4
43 1317 5
43 1318 4
43 1319 4
43 354 5
43 370 4
44 1320 5
44 1321 2
44 1322 4
44 1323 5
44 1324 5
44 1325 5
44 1326 5
44 1327 5
44 1328 5
44 1329 3
44 1330 5
44 1331 3
44 1332 1
44 1333 4
44 1334 5
44 1335 2
44 1336 4
45 218 5
45 310 2
45 1337 3
45 1338 4
45 1339 4
45 1340 3
45 1341 5
45 1342 5
45 1343 5
45 1344 1
45 511 5
45 1345 5
45 1346 1
45 1347 5
45 1348 5
45 1349 5
45 1350 3
45 1351 4
45 82 5
45 79 5
45 1352 4
45 1353 4
46 1354 5
46 1355 5
46 1356 5
46 1357 5
46 1358 5
46 1359 5
46 1360 5
46 1361 5
46 1362 3
46 1363 5
46 1364 5
46 1365 5
46 1366 5
46 1367 5
46 1368 3
46 1369 4
46 1370 5
46 1371 5
46 1372 5
46 1372 5
46 1372 5
46 1372 5
46 1372 4
46 1372 5
46 898 4
46 1373 5
46 1374 4
46 1375 4
46 1376 5
46 647 5
46 341 4
46 1377 5
46 1378 5
46 1379 5
46 1380 5
46 1381 5
46 1372 5
46 1382 3
46 1383 5
46 1384 2
46 1385 5
46 1354 4
46 1354 4
46 1386 5
46 1387 4
46 1354 5
46 1354 5
46 1388 1
46 1389 1
46 1390 4
46 1391 2
46 1392 5
46 956 2
46 374 4
46 1393 5
47 1394 4
47 1395 1
47 1396 1
47 955 5
47 1397 4
47 1398 5
47 169 5
47 1399 4
47 1400 3
47 1401 2
47 1402 4
47 1403 3
47 1404 4
47 1405 5
47 1406 5
47 617 1
47 1407 5
47 1408 1
47 1409 4
47 1410 5
47 1411 5
47 1412 5
48 1413 2
48 1414 1
48 1415 5
48 1416 5
48 1417 5
48 1418 5
48 1419 5
48 1420 2
48 1421 5
48 507 1
48 1422 5
48 553 1
48 1423 3
48 1424 5
48 1425 1
48 1426 5
48 1427 5
48 1428 3
48 1429 5
48 701 5
48 1430 3
48 1431 5
48 1432 3
48 1433 5
48 1434 4
48 1435 5
48 1436 5
49 1437 5
49 1438 4
49 1439 4
49 1440 4
49 1441 4
49 1442 3
49 1443 2
49 1444 4
49 1445 5
49 1446 4
49 1447 5
49 1448 2
49 1449 5
49 1450 3
49 1451 5
49 1452 2
49 1453 5
49 1454 3
49 1455 4
49 1456 3
49 1457 4
49 1458 5
49 51 5
49 1459 4
49 1460 4
49 1461 5
49 1462 4
49 1463 4
49 1464 4
49 45 4
49 1465 5
49 1466 4
49 1467 5
49 1468 3
49 1469 5
49 1470 4
49 1471 2
49 46 4
49 1472 4
49 1473 5
49 1474 5
49 1475 3
49 1476 5
49 1477 5
49 1478 3
49 1479 3
49 1480 4
49 1481 3
49 1482 5
49 1483 5
49 1484 5
49 1485 4
49 1486 4
49 1487 5
49 1488 4
49 1489 5
49 1490 5
49 1491 4
50 1492 4
50 1493 5
50 1494 2
50 1495 3
50 1496 2
50 1497 4
50 1498 5
50 1499 5
50 1500 5
50 1501 5
50 1502 5
50 1503 5
50 1504 2
50 1505 5
50 1506 2
50 1507 4
50 823 1
50 1508 5
50 1509 4
50 1510 1
50 1511 5
50 1512 5
50 1513 2
50 1514 3
50 1515 4
50 1516 2
50 1517 4
50 1518 5
50 1519 3
50 1520 2
50 1521 2
50 1522 3
50 1523 4
50 1524 4
50 387 5
50 386 3
50 1525 5
50 1526 3
50 1527 2
50 1528 5
50 1529 5
50 1530 5
50 1531 1
50 1532 4
50 1533 4
51 1534 5
51 1535 4
51 1536 5
51 1537 4
51 1538 5
51 1539 5
51 1540 5
51 1541 5
51 1542 4
51 1543 5
51 1544 4
51 1545 4
51 1546 4
51 1547 4
51 1548 4
51 1549 2
51 1550 2
51 1551 4
51 1552 4
51 1553 5
51 1554 4
51 1555 4
51 1556 5
51 1557 5
51 1558 5
51 1559 4
51 1560 5
51 1561 4
51 1562 4
51 1563 4
51 1564 5
51 1565 3
51 1566 4
51 1567 4
51 1568 4
51 1569 5
51 1570 4
51 1571 4
51 1572 5
51 1573 3
51 1574 4
51 1575 5
51 1576 4
51 1577 4
51 1578 4
51 1579 1
51 1580 4
51 1581 4
51 1582 4
51 1583 4
51 1584 4
51 1585 3
51 1586 5
51 1587 2
51 1588 3
51 1589 5
52 1590 5
52 7 5
52 28 1
52 878 3
52 385 5
52 1591 5
52 1592 4
52 29 5
52 1593 3
52 1594 5
52 1595 3
52 1596 4
53 1597 5
53 1598 4
53 1599 3
53 1600 5
53 1601 3
53 1602 3
53 1603 5
53 1604 4
53 1605 4
53 1606 4
53 1607 4
53 1608 4
53 1609 3
53 1610 3
53 1611 4
53 1612 3
53 1613 1
53 1614 5
53 1615 5
53 1616 4
53 1617 2
53 1618 4
53 1619 1
53 1620 5
53 1621 3
53 1622 4
53 1623 1
53 1624 3
53 1625 5
53 1626 4
53 1627 2
53 1628 3
53 1629 3
53 1630 3
53 1631 3
53 1632 4
53 1633 4
53 1634 4
53 1635 2
53 1636 3
53 1637 4
53 1638 3
53 1639 4
53 1640 4
53 1641 4
53 1642 3
53 1643 3
53 1644 3
53 1645 3
53 1646 1
53 1647 3
53 1648 4
53 1649 4
53 1650 3
53 1651 4
53 1652 4
53 1653 2
53 1654 4
53 1655 3
53 1656 4
53 1657 1
53 616 3
53 1658 4
53 1659 2
53 1660 3
53 1661 5
53 1662 1
53 1663 1
53 1664 1
53 1665 4
53 1666 4
53 1667 2
53 1668 3
53 1669 5
53 1670 2
53 1671 2
53 30 5
53 1672 4
53 1673 2
53 1674 1
53 1675 3
53 1676 2
53 1677 3
53 1678 4
53 1679 3
53 1680 4
53 1681 4
53 1682 4
53 1683 3
53 1684 1
53 1685 3
53 1686 3
53 1687 3
53 1688 5
53 1689 2
53 1690 4
53 1691 4
53 1692 1
53 802 5
53 1693 3
53 1694 3
53 1695 2
53 1696 5
53 1697 3
53 1698 2
53 1699 3
53 1700 2
53 1701 1
53 1702 4
53 1703 3
53 1704 3
53 1705 2
53 1706 3
53 1707 4
53 1708 5
53 1709 3
53 1512 5
53 1710 3
53 1711 4
53 1712 5
53 805 4
53 817 4
53 1713 3
53 1714 5
53 1715 3
53 1716 3
53 1717 2
53 1718 3
53 1719 3
53 1720 3
53 1721 2
53 1722 3
53 1723 5
53 1466 1
53 1724 2
53 1725 2
53 1726 3
53 1520 4
53 1727 2
53 1728 3
53 1729 1
53 1730 3
53 1731 3
53 1732 5
53 1733 5
53 1734 2
53 1735 5
53 494 3
53 840 4
53 1721 4
53 1736 2
53 225 2
53 380 3
53 1737 5
53 1738 5
53 1739 2
53 1740 2
53 1741 4
53 924 2
53 1742 2
53 1743 2
53 1744 2
53 1745 5
53 1746 4
53 1747 4
53 1748 3
53 1749 4
53 1750 4
53 1751 3
53 1752 4
53 1753 5
53 1754 5
53 807 5
53 1755 3
53 1756 5
53 1757 4
53 1758 5
53 1759 5
53 1760 5
53 1761 5
53 1762 1
53 1763 2
53 1764 4
53 1765 4
53 1766 5
53 1767 5
53 1768 3
53 830 2
53 1769 4
53 1770 3
53 1771 5
53 1772 4
53 811 3
53 1773 5
53 1774 1
53 1775 3
53 1776 5
53 1777 4
53 1778 3
53 1779 5
53 1780 5
53 1781 5
53 1782 5
53 830 4
54 1783 4
54 1784 5
54 1785 5
54 1786 5
54 1787 4
54 1788 4
54 1401 4
54 1789 5
54 1790 3
54 1791 1
54 1792 4
54 158 5
54 1793 2
54 1547 5
54 1794 5
54 1795 2
55 1796 5
55 1797 5
55 1798 5
55 1799 5
55 1800 5
55 1801 5
55 1802 2
55 1803 3
55 1804 4
55 1805 4
55 1806 4
55 1807 5
55 1808 4
55 1809 3
55 1810 4
55 1811 3
55 1812 3
55 1813 4
55 1814 5
55 1815 4
55 1816 5
55 1817 4
55 1818 5
55 1819 5
55 1820 5
55 1821 5
55 1822 5
55 1823 5
55 1824 5
55 1825 5
55 1826 5
55 1716 5
55 1827 5
55 1828 5
55 1829 5
55 1830 5
55 1831 4
55 1428 4
55 1832 2
55 1833 5
55 1834 5
55 7 5
55 1835 5
55 1836 5
55 1837 5
55 1838 4
55 878 4
55 1839 3
55 480 5
55 1840 3
55 1841 4
55 1842 1
55 1843 4
55 1844 4
55 1845 3
55 1846 5
55 1847 5
55 482 5
55 1848 5
55 1849 5
55 1850 5
55 1851 5
55 1852 5
55 66 5
56 1853 1
56 1854 4
56 1855 4
56 1856 4
56 1857 3
56 1858 2
56 1859 5
56 1860 4
56 1861 4
57 1862 5
57 1863 5
57 1864 5
57 1865 5
57 1866 5
57 1346 3
57 1867 5
57 1868 5
57 1869 5
57 1870 3
57 1871 1
57 1872 5
57 222 5
57 1873 5
58 1874 5
58 1875 5
58 1876 5
58 1877 5
58 1878 4
58 1879 5
58 1880 4
58 1881 4
58 1882 5
58 748 4
58 1883 5
58 1884 1
58 1885 5
58 1312 3
58 1886 4
58 1887 4
58 1888 5
58 1889 5
58 1890 5
58 1891 5
58 1892 4
58 1893 3
58 1894 2
58 1895 4
58 1896 4
58 1830 5
58 1897 5
58 1898 4
58 1899 4
58 1900 3
58 1901 4
58 1902 4
58 1903 4
58 1904 5
58 1905 4
58 1906 5
58 1907 4
58 1908 5
58 1909 5
58 1910 5
58 1911 3
58 1912 3
58 1913 3
58 1914 4
58 1915 5
58 1916 5
58 1917 4
58 1918 4
58 1919 1
58 117 4
58 1920 5
58 1921 5
58 1922 4
58 1923 4
58 1924 4
58 1925 4
58 1730 4
58 29 2
58 225 5
58 1926 5
58 1927 4
58 1838 3
58 1928 4
58 1929 4
58 1930 5
58 51 4
58 1931 5
58 1932 3
58 1933 5
58 841 4
58 1934 5
58 1935 4
58 1936 4
58 1937 5
58 1938 5
58 943 5
58 1939 4
58 123 3
59 1940 4
59 1941 4
59 1942 4
59 1174 5
59 1943 5
59 1944 5
59 1945 5
59 1946 2
59 1947 5
59 1948 4
59 1949 3
59 1950 5
59 1951 5
60 1952 5
60 1953 5
60 1954 5
60 1955 4
60 1956 3
60 534 5
60 1957 3
60 558 4
60 1958 4
60 1959 4
60 1960 5
61 1961 4
61 1962 4
61 1963 4
61 1964 4
61 1965 4
61 1966 3
61 1967 1
61 1968 4
61 1969 4
61 1970 4
61 1971 4
61 1972 4
61 1973 4
61 1974 4
61 1975 3
61 1976 2
61 1977 1
61 1978 3
61 1979 1
61 1980 2
61 1981 5
61 1982 4
61 1983 3
61 1984 1
61 1985 1
61 1986 4
61 663 3
61 1987 1
61 1988 3
61 1989 4
61 1990 2
61 1991 1
61 1992 2
61 1993 3
61 1994 3
61 1995 3
61 1996 4
61 1997 4
61 1998 3
61 1999 5
61 674 4
61 105 1
61 534 1
61 159 4
61 43 2
61 1500 5
61 504 5
61 666 1
61 368 2
61 921 5
61 1833 4
61 892 2
61 1816 5
61 640 4
61 825 2
61 1 2
61 1844 5
61 1380 5
61 154 5
61 1812 4
61 28 3
61 225 5
61 55 4
61 878 3
61 540 5
61 856 3
61 540 5
61 49 3
61 193 4
61 443 2
61 1595 4
61 52 2
61 923 1
61 136 4
61 839 3
61 163 5
61 1426 5
61 803 1
61 1522 1
61 385 3
61 633 1
61 819 1
61 632 1
62 540 5
62 381 5
62 890 5
62 595 4
62 923 4
62 385 4
62 540 5
62 540 4
62 303 1
62 1478 4
62 1792 5
62 378 1
63 1721 5
63 48 5
63 595 5
64 321 4
64 443 4
64 1905 4
64 1297 5
64 1198 2
64 540 4
64 816 4
64 694 5
64 540 4
64 670 5
64 670 4
64 670 5
64 540 4
64 653 5
64 183 3
64 670 3
64 670 4
64 540 4
64 906 4
64 540 4
64 887 2
64 670 4
64 35 4
64 1776 4
66 1330 5
66 222 5
66 1866 3
67 1573 5
67 1864 5
68 1651 5
68 1705 4
68 1712 5
68 1693 5
68 810 5
68 1769 5
68 118 4
68 487 5
68 842 4
68 1731 4
68 838 4
68 1918 5
68 1734 4
68 1663 1
68 1930 4
68 1730 5
68 1926 5
68 830 5
69 889 4
69 1500 4
69 1921 4
69 1500 5
69 490 5
70 1012 5
70 1946 4
70 1091 5
70 1048 5
70 382 5
70 323 2
70 618 2
70 102 1
70 1842 1
70 650 3
70 1845 3
70 104 3
70 1838 4
70 616 1
70 872 5
70 684 2
70 816 4
70 118 3
70 633 2
70 1525 3
70 122 3
71 204 5
71 888 5
71 1331 5
71 1584 4
71 1787 4
71 1864 5
71 223 5
71 1869 5
71 1869 4
72 1347 5
72 1585 2
73 1426 5
73 462 4
73 814 4
73 1776 4
73 633 5
73 1930 5
74 152 5
74 808 1
74 1500 5
75 1466 2
76 122 4
76 1792 1
77 640 4
77 1466 5
77 395 5
77 127 4
77 127 4
77 508 4
78 80 4
78 510 1
79 1549 4
80 612 5
81 615 4
81 855 4
81 129 4
81 1566 5
81 143 5
81 225 5
81 502 4
81 18 4
81 39 5
81 100 5
81 1955 5
81 633 4
81 185 4
82 608 5
82 247 5
82 1894 3
82 1894 2
82 385 5
83 1233 5
83 638 5
83 888 2
83 1792 4
84 1475 4
84 385 5
84 100 4
86 1391 4
86 906 5
86 35 4
86 1136 2
87 155 4
87 386 4
87 248 5
87 601 5
87 1838 4
87 825 5
88 1916 5
88 186 3
89 615 4
89 1496 3
89 381 5
89 1340 4
89 666 3
89 631 5
89 1585 3
89 825 4
89 1838 4
89 226 5
91 388 5
93 82 5
94 1402 5
95 1521 1
95 633 1
95 1522 5
96 1830 4
96 670 5
96 487 5
97 666 2
97 51 5
97 825 4
98 84 4
98 344 4
98 1513 4
98 888 2
98 697 5
98 1101 4
98 1136 3
98 172 3
98 1136 4
98 57 5
99 1340 5
99 281 4
99 1353 4
99 181 5
99 1341 5
99 814 5
99 534 4