2 1 1
3 2 1
4 2 1
5 4 1
6 5 1
7 2 1
8 5 1
9 5 1
10 8 1
11 5 1
12 6 1
13 11 1
14 11 1
15 1 1
16 1 1
17 13 1
18 16 1
19 11 1
20 2 1
21 2 1
22 20 1
23 22 1
24 2 1
25 16 1
26 6 1
27 24 1
28 1 1
29 22 1
30 24 1
31 10 1
32 17 1
33 7 1
34 27 1
35 20 1
36 18 1
37 28 1
38 25 1
39 30 1
40 18 1
41 17 1
42 16 1
43 22 1
44 20 1
45 35 1
46 35 1
47 33 1
48 38 1
49 41 1
50 3 1
51 30 1
52 27 1
53 50 1
54 28 1
55 47 1
56 15 1
57 8 1
58 11 1
59 17 1
60 37 1
61 31 1
62 53 1
63 35 1
64 20 1
65 9 1
66 5 1
67 51 1
68 66 1
69 45 1
70 21 1
71 12 1
72 53 1
73 22 1
74 21 1
75 39 1
76 47 1
77 35 1
78 28 1
79 75 1
80 8 1
81 26 1
82 3 1
83 40 1
84 78 1
85 73 1
86 58 1
87 57 1
88 42 1
89 1 1
90 5 1
91 4 1
92 9 1
93 66 1
94 49 1
95 73 1
96 30 1
97 46 1
98 56 1
99 36 1
100 43 1
94 64 1
100 33 1
82 28 1
42 7 1
8 6 1
37 8 1
96 9 1
59 55 1
69 5 1
56 33 1
46 28 1
72 28 1
42 33 1
10 4 1
64 54 1
54 9 1
57 34 1
51 28 1
56 55 1
90 79 1
47 15 1
74 47 1
61 13 1
11 10 1
85 53 1
82 11 1
52 38 1
69 36 1
67 5 1
93 49 1
25 1 1
84 15 1
34 11 1
31 15 1
96 89 1
14 12 1
75 61 1
19 4 1
5 3 1
69 39 1
51 41 1
88 80 1
48 18 1
11 1 1
93 87 1
54 7 1
74 17 1
14 9 1
85 78 1
63 43 1
98 82 1
64 19 1
79 63 1
25 15 1
52 14 1
23 5 1
88 73 1
44 8 1
6 5 1
73 46 1
72 29 1
31 21 1
25 24 1
91 51 1
39 1 1
64 41 1
14 10 1
18 7 1
68 7 1
17 11 1
48 37 1
63 25 1
6 1 1
21 3 1
14 5 1
96 89 1
90 24 1
82 52 1
28 9 1
70 8 1
29 25 1
2 1 1
89 66 1
3 1 1
19 13 1
8 2 1
45 38 1
94 17 1
17 7 1
7 2 1
26 19 1
17 16 1
72 11 1
86 16 1
81 71 1
8 4 1
90 27 1
94 83 1
63 48 1
57 16 1